0.000000000000000000e+00 0.000000000000000000e+00 5.597766822951670031e-03 1.835717456653651949e-02 8.782214643456881520e-01 3.037380672724344921e-02 0.000000000000000000e+00 0.000000000000000000e+00 1.590274266374107626e-01 4.918629288499661023e-02 3.185692185511353192e-02 1.494245558065924150e-03
0.000000000000000000e+00 0.000000000000000000e+00 0.000000000000000000e+00 0.000000000000000000e+00 0.000000000000000000e+00 3.696437006998148922e-02 0.000000000000000000e+00 1.796650743221070434e-02 0.000000000000000000e+00 0.000000000000000000e+00 0.000000000000000000e+00 0.000000000000000000e+00
0.000000000000000000e+00 6.276506667969494746e-02 0.000000000000000000e+00 0.000000000000000000e+00 0.000000000000000000e+00 0.000000000000000000e+00 3.019047852865119896e-02 0.000000000000000000e+00 4.099319598364696560e-02 0.000000000000000000e+00 0.000000000000000000e+00 0.000000000000000000e+00
4.596978488599783030e-02 5.470752287198977007e-03 8.145995491019722770e-03 0.000000000000000000e+00 4.241048540588433780e-02 0.000000000000000000e+00 0.000000000000000000e+00 3.938849048449440809e-02 1.341685934173963805e-02 5.639581006243257755e-02 1.367511291067145633e-02 1.784895293705987193e-02
2.338174856462712711e-02 5.859233075165360544e-02 0.000000000000000000e+00 0.000000000000000000e+00 2.100146318749302188e-01 5.293962867967397234e-02 5.811608754729395698e-02 3.013684650454686448e-02 0.000000000000000000e+00 8.048595187176283555e-03 2.191265810609810405e-02 0.000000000000000000e+00
1.482953245639504966e-02 0.000000000000000000e+00 6.853868461001021151e-02 0.000000000000000000e+00 0.000000000000000000e+00 0.000000000000000000e+00 5.154870357289739443e-04 0.000000000000000000e+00 0.000000000000000000e+00 2.075930209125590939e-02 5.309688799144252069e-01 3.778639827997561790e-02
6.230405575515413769e-02 3.763202387660464776e-01 2.360801365168669480e-02 2.231699394884841814e-01 0.000000000000000000e+00 0.000000000000000000e+00 4.090949985995295107e-02 0.000000000000000000e+00 4.653999748132095493e-02 3.447102607109538835e-02 3.314441508572643635e-02 0.000000000000000000e+00
0.000000000000000000e+00 1.113807574828677184e-02 0.000000000000000000e+00 0.000000000000000000e+00 0.000000000000000000e+00 0.000000000000000000e+00 0.000000000000000000e+00 0.000000000000000000e+00 5.327225819375667332e-02 0.000000000000000000e+00 4.466434722495674775e-02 0.000000000000000000e+00
0.000000000000000000e+00 1.099117249378784612e-02 0.000000000000000000e+00 0.000000000000000000e+00 0.000000000000000000e+00 0.000000000000000000e+00 0.000000000000000000e+00 0.000000000000000000e+00 0.000000000000000000e+00 5.783007889886803560e-02 0.000000000000000000e+00 2.227454991747470636e-01
0.000000000000000000e+00 1.588029807415496444e-02 0.000000000000000000e+00 0.000000000000000000e+00 0.000000000000000000e+00 0.000000000000000000e+00 0.000000000000000000e+00 1.842618743784951163e-01 0.000000000000000000e+00 0.000000000000000000e+00 8.617028182645469769e-02 0.000000000000000000e+00
3.269571641118466654e-01 0.000000000000000000e+00 9.555784755638911665e-02 0.000000000000000000e+00 0.000000000000000000e+00 3.957807077189860745e-02 0.000000000000000000e+00 8.296864079755546240e-02 1.009414180328695003e-02 2.386722759394389881e-02 0.000000000000000000e+00 6.235687239609449123e-02
1.555476616630368202e-02 0.000000000000000000e+00 5.895334182619704072e-02 0.000000000000000000e+00 4.471974097200285408e-02 0.000000000000000000e+00 3.026562762244763838e-02 0.000000000000000000e+00 9.690285785827952580e-02 1.979684851133133583e-01 0.000000000000000000e+00 0.000000000000000000e+00
0.000000000000000000e+00 0.000000000000000000e+00 0.000000000000000000e+00 2.215227675991376585e-02 2.221003088722206184e-02 2.069568649584568598e-01 4.593770319595448515e-02 1.240313734205539947e-02 0.000000000000000000e+00 1.108601932574283799e-01 0.000000000000000000e+00 8.211792706406036146e-02
2.904679698342992403e-02 3.198463837226542261e-02 2.072310969423286908e-02 0.000000000000000000e+00 8.877148197350917536e-02 0.000000000000000000e+00 0.000000000000000000e+00 0.000000000000000000e+00 8.774837549259366376e-02 0.000000000000000000e+00 0.000000000000000000e+00 1.930636648471087489e-03
0.000000000000000000e+00 0.000000000000000000e+00 0.000000000000000000e+00 7.029168208501582193e-02 8.829660926162509471e-02 3.491268574676327854e-03 5.459981304386334749e-02 0.000000000000000000e+00 0.000000000000000000e+00 0.000000000000000000e+00 0.000000000000000000e+00 0.000000000000000000e+00
0.000000000000000000e+00 0.000000000000000000e+00 1.080707727877308968e-02 0.000000000000000000e+00 0.000000000000000000e+00 6.613362809227338324e-02 0.000000000000000000e+00 0.000000000000000000e+00 1.387468347889824274e-02 0.000000000000000000e+00 0.000000000000000000e+00 0.000000000000000000e+00
3.901793565102323891e-02 8.430875740446780453e-01 2.165564371461070267e-02 3.573859993376587996e-02 1.202066194019762134e-02 0.000000000000000000e+00 5.197380666075716166e-02 0.000000000000000000e+00 4.174561071109740736e-03 2.820086070271991471e-02 0.000000000000000000e+00 0.000000000000000000e+00
0.000000000000000000e+00 3.312535377687950491e-03 5.272059652375767763e-02 6.313909916727167629e-03 0.000000000000000000e+00 0.000000000000000000e+00 2.249120010387094248e-02 2.973530070152217153e-01 0.000000000000000000e+00 0.000000000000000000e+00 0.000000000000000000e+00 4.070420983373804896e-02
1.061847516793909402e-01 0.000000000000000000e+00 5.664822089418154044e-02 0.000000000000000000e+00 0.000000000000000000e+00 2.185900413631253897e-02 8.774032519645856842e-01 0.000000000000000000e+00 2.833172262537724320e-02 0.000000000000000000e+00 0.000000000000000000e+00 0.000000000000000000e+00
1.595451804504067377e-04 0.000000000000000000e+00 3.661150274584384218e-02 3.250292349487030746e-02 0.000000000000000000e+00 0.000000000000000000e+00 7.312509875345503396e-02 0.000000000000000000e+00 0.000000000000000000e+00 0.000000000000000000e+00 0.000000000000000000e+00 8.617392382610564172e-02
0.000000000000000000e+00 1.062631879745904936e-02 0.000000000000000000e+00 0.000000000000000000e+00 5.595354305672831791e-02 0.000000000000000000e+00 1.203679531949566062e-01 1.504199010737114657e-02 2.737038640657753902e-02 0.000000000000000000e+00 1.248684023901950879e-01 0.000000000000000000e+00
5.420066080165301253e-02 0.000000000000000000e+00 0.000000000000000000e+00 0.000000000000000000e+00 4.141807951603915239e-02 0.000000000000000000e+00 1.824669128996653580e-02 0.000000000000000000e+00 0.000000000000000000e+00 1.148600939974480928e-01 0.000000000000000000e+00 7.442315159304251082e-02
6.707595683791815061e-03 0.000000000000000000e+00 4.722648277882150747e-02 0.000000000000000000e+00 0.000000000000000000e+00 1.448817351404932917e-02 1.068252780741773822e-01 0.000000000000000000e+00 0.000000000000000000e+00 0.000000000000000000e+00 0.000000000000000000e+00 1.131492371811568809e-01
0.000000000000000000e+00 0.000000000000000000e+00 0.000000000000000000e+00 9.786393009596860634e-03 0.000000000000000000e+00 2.929249231235927717e-02 7.453948338670254858e-02 1.191514184535111959e-01 2.270760358019692504e-01 2.031133457176379983e-02 0.000000000000000000e+00 2.626630224010730041e-02
0.000000000000000000e+00 0.000000000000000000e+00 0.000000000000000000e+00 5.263086620604037064e-02 0.000000000000000000e+00 0.000000000000000000e+00 0.000000000000000000e+00 0.000000000000000000e+00 5.693281206758770384e-03 1.402435796818242431e-01 0.000000000000000000e+00 0.000000000000000000e+00
1.633989701988238126e-03 0.000000000000000000e+00 0.000000000000000000e+00 0.000000000000000000e+00 0.000000000000000000e+00 0.000000000000000000e+00 3.017331730591109595e-01 0.000000000000000000e+00 0.000000000000000000e+00 2.272493402525573719e-02 3.566237434876060736e-02 2.750677696730119415e-02
1.972387162576895794e-02 0.000000000000000000e+00 0.000000000000000000e+00 1.636325765568696564e-02 0.000000000000000000e+00 4.202169476030827300e-02 6.598870182878496804e-03 1.533889792271925755e-02 7.708561272974434608e-02 5.864319499826605581e-02 0.000000000000000000e+00 0.000000000000000000e+00
0.000000000000000000e+00 0.000000000000000000e+00 0.000000000000000000e+00 2.155076931851084704e-03 0.000000000000000000e+00 0.000000000000000000e+00 0.000000000000000000e+00 1.490937502642452478e-02 6.846226364620764393e-01 0.000000000000000000e+00 0.000000000000000000e+00 0.000000000000000000e+00
5.128128098439187904e-02 0.000000000000000000e+00 0.000000000000000000e+00 0.000000000000000000e+00 0.000000000000000000e+00 0.000000000000000000e+00 0.000000000000000000e+00 0.000000000000000000e+00 0.000000000000000000e+00 8.607146583160478481e-02 2.801265140312229618e-01 0.000000000000000000e+00
1.810946482146408862e-03 0.000000000000000000e+00 0.000000000000000000e+00 1.664276494991487158e-03 6.797992726272873709e-02 0.000000000000000000e+00 1.769364879583876270e-03 0.000000000000000000e+00 2.457691653565065998e-02 3.951183368885817782e-01 5.184572319835788201e-03 6.459499857323594552e-02
0.000000000000000000e+00 1.339512277111889471e-01 0.000000000000000000e+00 2.689178096204500670e-02 0.000000000000000000e+00 0.000000000000000000e+00 0.000000000000000000e+00 5.872245999528769023e-02 0.000000000000000000e+00 1.347127869076082674e-02 0.000000000000000000e+00 6.907155595666980563e-02
0.000000000000000000e+00 2.314438110744431246e-03 2.159645887923356336e-02 0.000000000000000000e+00 5.737361065122733444e-02 0.000000000000000000e+00 0.000000000000000000e+00 3.696486089091090277e-02 3.249020954460769134e-02 1.458949054473239748e-01 3.050622087704478805e-02 1.186349426393066980e-01
1.471846511578198471e-02 0.000000000000000000e+00 0.000000000000000000e+00 0.000000000000000000e+00 0.000000000000000000e+00 0.000000000000000000e+00 0.000000000000000000e+00 0.000000000000000000e+00 0.000000000000000000e+00 0.000000000000000000e+00 0.000000000000000000e+00 3.698626978430468153e-03
9.981000742054772085e-03 0.000000000000000000e+00 0.000000000000000000e+00 1.393719885728918369e-02 1.156196513639885515e-01 1.264468806989032523e-01 9.255615360459571936e-03 5.587871345432050482e-03 0.000000000000000000e+00 0.000000000000000000e+00 0.000000000000000000e+00 0.000000000000000000e+00
3.782420215032344935e-02 0.000000000000000000e+00 1.311057997080255014e-02 0.000000000000000000e+00 1.175278724442993528e-02 0.000000000000000000e+00 4.439501433113098722e-02 4.052549224355890822e-01 0.000000000000000000e+00 0.000000000000000000e+00 1.077521700471783667e-01 7.074401672834050754e-03
0.000000000000000000e+00 0.000000000000000000e+00 0.000000000000000000e+00 0.000000000000000000e+00 4.645224392100080063e-02 4.850272675079136953e-02 0.000000000000000000e+00 8.590731018596052537e-03 0.000000000000000000e+00 0.000000000000000000e+00 0.000000000000000000e+00 0.000000000000000000e+00
0.000000000000000000e+00 6.894319862690273526e-02 0.000000000000000000e+00 1.578408734017592435e-02 0.000000000000000000e+00 2.406192171982434597e-02 1.045652086247176871e-01 1.428555297810529985e-02 1.982355128781146392e-01 1.921510762826302704e-02 0.000000000000000000e+00 0.000000000000000000e+00
1.131955278331722064e-03 2.571771023203764037e-02 0.000000000000000000e+00 0.000000000000000000e+00 5.345803715015044755e-02 0.000000000000000000e+00 0.000000000000000000e+00 0.000000000000000000e+00 0.000000000000000000e+00 0.000000000000000000e+00 5.028061613156293436e-02 0.000000000000000000e+00
0.000000000000000000e+00 1.054965725355707512e-02 1.366655554741818927e-02 2.363315605284603202e-02 3.325097725022143486e-02 0.000000000000000000e+00 0.000000000000000000e+00 0.000000000000000000e+00 6.921134338779822565e-03 5.372014186054616808e-02 2.486426062539314266e-02 0.000000000000000000e+00
0.000000000000000000e+00 0.000000000000000000e+00 0.000000000000000000e+00 0.000000000000000000e+00 0.000000000000000000e+00 1.349832021815886365e-02 0.000000000000000000e+00 1.480166028293405101e-01 6.241633658052464506e-02 9.417849236381295452e-02 1.382065440027447842e-02 0.000000000000000000e+00
0.000000000000000000e+00 7.884378251098926593e-02 2.774749641391346684e-03 6.665335602296564022e-02 4.272895432719508307e-02 0.000000000000000000e+00 0.000000000000000000e+00 0.000000000000000000e+00 0.000000000000000000e+00 1.103524624272449878e-01 5.976423752331943423e-02 3.576484985278372691e-02
0.000000000000000000e+00 0.000000000000000000e+00 3.660717815739054394e-03 0.000000000000000000e+00 5.829440570634498997e-02 8.130852190860444030e-04 0.000000000000000000e+00 0.000000000000000000e+00 0.000000000000000000e+00 0.000000000000000000e+00 1.284778226863691857e-02 0.000000000000000000e+00
2.723380292480086923e-02 0.000000000000000000e+00 0.000000000000000000e+00 0.000000000000000000e+00 4.615230353373528903e-03 0.000000000000000000e+00 0.000000000000000000e+00 8.534554803123990674e-02 0.000000000000000000e+00 1.617492788254274241e-02 0.000000000000000000e+00 0.000000000000000000e+00
3.182116796057919694e-02 1.099074057633919570e-02 4.482846127980233582e-03 0.000000000000000000e+00 2.846354849775557458e-02 1.217708214404777771e-02 4.204124239825310361e-02 1.117362090094000254e-01 0.000000000000000000e+00 0.000000000000000000e+00 0.000000000000000000e+00 0.000000000000000000e+00
4.179713039892031523e-02 0.000000000000000000e+00 0.000000000000000000e+00 0.000000000000000000e+00 7.063230759729635655e-02 0.000000000000000000e+00 0.000000000000000000e+00 1.475085964194231825e-01 0.000000000000000000e+00 0.000000000000000000e+00 0.000000000000000000e+00 0.000000000000000000e+00
0.000000000000000000e+00 0.000000000000000000e+00 9.733168777122280096e-03 4.262974664881229929e-04 4.621895601315365726e-02 0.000000000000000000e+00 3.406378262277773294e-02 1.608305716453281853e-01 8.528318754946601077e-02 0.000000000000000000e+00 2.037794971520500917e-02 0.000000000000000000e+00
1.636778380448742146e-02 0.000000000000000000e+00 6.409930137596519563e-03 0.000000000000000000e+00 6.158250035494465535e-02 0.000000000000000000e+00 0.000000000000000000e+00 1.524002557997684582e-01 0.000000000000000000e+00 3.167152503871699387e-02 0.000000000000000000e+00 0.000000000000000000e+00
0.000000000000000000e+00 1.793519129204065778e-03 0.000000000000000000e+00 0.000000000000000000e+00 0.000000000000000000e+00 0.000000000000000000e+00 1.314106915252009032e-02 0.000000000000000000e+00 0.000000000000000000e+00 0.000000000000000000e+00 2.642350316625574277e-02 0.000000000000000000e+00
0.000000000000000000e+00 1.252340274008616888e-02 0.000000000000000000e+00 1.559786987657889139e-03 0.000000000000000000e+00 0.000000000000000000e+00 0.000000000000000000e+00 0.000000000000000000e+00 1.269853182496632170e-02 2.325033442726202604e-01 3.480076523760343432e-02 0.000000000000000000e+00
0.000000000000000000e+00 1.684243412702959505e-02 1.744635670455840504e-01 0.000000000000000000e+00 0.000000000000000000e+00 2.173690308086832224e-01 1.231392334792782289e-02 5.924839409952025598e-02 2.142869957616720319e-02 2.790029751172899350e-02 1.272948118794237637e-01 0.000000000000000000e+00
0.000000000000000000e+00 3.615802652049054239e-02 0.000000000000000000e+00 0.000000000000000000e+00 1.138172151828309615e-02 0.000000000000000000e+00 6.340873627786707510e-03 0.000000000000000000e+00 2.108924576903557779e-02 0.000000000000000000e+00 0.000000000000000000e+00 1.468142078830589059e-01
0.000000000000000000e+00 0.000000000000000000e+00 0.000000000000000000e+00 0.000000000000000000e+00 1.249271543965309317e-01 0.000000000000000000e+00 1.777492898824357959e-02 0.000000000000000000e+00 0.000000000000000000e+00 0.000000000000000000e+00 0.000000000000000000e+00 2.802509004974622076e-01
0.000000000000000000e+00 0.000000000000000000e+00 5.602968389475250499e-02 1.790902953307004289e-02 0.000000000000000000e+00 3.322806626215447229e-02 0.000000000000000000e+00 2.566706758387943960e-02 1.612329640605134409e-02 6.395544957678886977e-01 2.418068753051262620e-02 0.000000000000000000e+00
1.321891417545145893e-02 3.094536459880316281e-03 0.000000000000000000e+00 0.000000000000000000e+00 4.064854487995482255e-03 0.000000000000000000e+00 0.000000000000000000e+00 0.000000000000000000e+00 0.000000000000000000e+00 0.000000000000000000e+00 0.000000000000000000e+00 0.000000000000000000e+00
0.000000000000000000e+00 1.136573625882277283e-01 2.972862533046253999e-03 0.000000000000000000e+00 0.000000000000000000e+00 3.273480284683366777e-03 0.000000000000000000e+00 1.813253156595377377e-02 0.000000000000000000e+00 1.898634803278911320e-01 1.379022392454562138e-02 1.203697794647604624e-01
0.000000000000000000e+00 0.000000000000000000e+00 1.101652092653611775e-01 0.000000000000000000e+00 0.000000000000000000e+00 2.141325812272582563e-01 2.029347030437638269e-02 0.000000000000000000e+00 0.000000000000000000e+00 0.000000000000000000e+00 1.516173854321359871e-01 0.000000000000000000e+00
6.807049114612041124e-03 0.000000000000000000e+00 1.045314723429496134e-01 0.000000000000000000e+00 0.000000000000000000e+00 1.948209980400170960e-01 3.532709427520008133e-02 0.000000000000000000e+00 0.000000000000000000e+00 0.000000000000000000e+00 4.878604538634913335e-02 1.297351548250805925e-02
3.152556501534492690e-03 3.258388685086230363e-02 1.807126023522869981e-02 1.154084218914623594e-02 0.000000000000000000e+00 4.246805296355150167e-02 0.000000000000000000e+00 2.810712368342907844e-02 0.000000000000000000e+00 0.000000000000000000e+00 0.000000000000000000e+00 0.000000000000000000e+00
0.000000000000000000e+00 0.000000000000000000e+00 8.968978879196806697e-02 3.794807348096293498e-01 0.000000000000000000e+00 0.000000000000000000e+00 0.000000000000000000e+00 2.619208662641764676e-02 4.829450246850055042e-03 5.887672592248269915e-02 0.000000000000000000e+00 6.735279268429768262e-03
4.749927812637989161e-03 0.000000000000000000e+00 0.000000000000000000e+00 3.634398550828593297e-03 0.000000000000000000e+00 3.355632846377683970e-02 1.182613599862031295e-02 1.052588968455257269e-02 6.614176625739193183e-02 1.887386237333802952e-01 0.000000000000000000e+00 4.313594790871561058e-02
0.000000000000000000e+00 8.424000663289862335e-05 0.000000000000000000e+00 5.616533682523814840e-06 9.343212317850381476e-02 0.000000000000000000e+00 9.040500520099047088e-03 1.223397732806422687e-02 1.026584503770378437e-01 9.589809419760184084e-02 0.000000000000000000e+00 0.000000000000000000e+00
1.414851400214277646e-02 6.308871906023057197e-02 0.000000000000000000e+00 0.000000000000000000e+00 2.455167592041918381e-02 0.000000000000000000e+00 0.000000000000000000e+00 5.796042620222452424e-02 1.740887328595342246e-02 4.089710007317723384e-02 3.666084661072309125e-01 0.000000000000000000e+00
5.916953440494365562e-04 4.217783244939508035e-03 0.000000000000000000e+00 1.068915386346980766e-02 0.000000000000000000e+00 0.000000000000000000e+00 2.618256533637254840e-03 0.000000000000000000e+00 3.400469093919594038e-03 0.000000000000000000e+00 2.497371752515924193e-01 6.793056718957602227e-03
0.000000000000000000e+00 0.000000000000000000e+00 0.000000000000000000e+00 1.070678776598561338e-01 0.000000000000000000e+00 0.000000000000000000e+00 1.076168872158462658e-01 0.000000000000000000e+00 0.000000000000000000e+00 1.103799456392752509e-01 1.368158458133200417e-01 1.519369017294616153e-01
0.000000000000000000e+00 1.959659532677627408e-02 7.931373519646449377e-02 4.513451276236168236e-02 0.000000000000000000e+00 2.138220611863285436e-01 0.000000000000000000e+00 6.513714382560636951e-02 0.000000000000000000e+00 0.000000000000000000e+00 0.000000000000000000e+00 0.000000000000000000e+00
9.152380785773449601e-01 1.091418092956900933e-02 0.000000000000000000e+00 4.691108376476545855e-02 1.475093009786502922e-02 0.000000000000000000e+00 1.485064634209508627e-01 0.000000000000000000e+00 1.001352980063219223e-03 1.182030502443757840e-02 1.386956507808704761e-02 0.000000000000000000e+00
0.000000000000000000e+00 0.000000000000000000e+00 0.000000000000000000e+00 1.342560545261826423e-02 0.000000000000000000e+00 0.000000000000000000e+00 4.532102406010066371e-03 0.000000000000000000e+00 0.000000000000000000e+00 0.000000000000000000e+00 0.000000000000000000e+00 0.000000000000000000e+00
2.132069463073384824e-02 0.000000000000000000e+00 0.000000000000000000e+00 0.000000000000000000e+00 9.545654685950823171e-02 0.000000000000000000e+00 0.000000000000000000e+00 0.000000000000000000e+00 0.000000000000000000e+00 8.560481797797165129e-03 1.134649619484834615e-01 0.000000000000000000e+00
0.000000000000000000e+00 0.000000000000000000e+00 2.690430680277216755e-02 0.000000000000000000e+00 9.686435165845583284e-02 0.000000000000000000e+00 0.000000000000000000e+00 7.295000249461917885e-02 0.000000000000000000e+00 0.000000000000000000e+00 0.000000000000000000e+00 2.247508050869001239e-01
9.277524615710570910e-02 0.000000000000000000e+00 3.172314734613958503e-03 8.634212149864036734e-01 1.793922365569635205e-02 0.000000000000000000e+00 5.117315491400305227e-02 0.000000000000000000e+00 1.059258048465760473e-02 0.000000000000000000e+00 8.707339794131550154e-03 0.000000000000000000e+00
0.000000000000000000e+00 1.746910208719460456e-01 5.059797657438522452e-03 0.000000000000000000e+00 3.069526189052906168e-02 3.216724304970564746e-02 0.000000000000000000e+00 4.964439984779040610e-02 1.624894787641130087e-02 0.000000000000000000e+00 4.477180247862035459e-03 2.667197551884157095e-02
0.000000000000000000e+00 0.000000000000000000e+00 0.000000000000000000e+00 0.000000000000000000e+00 0.000000000000000000e+00 0.000000000000000000e+00 0.000000000000000000e+00 5.073012312141992469e-02 0.000000000000000000e+00 0.000000000000000000e+00 7.842180408420425242e-02 1.281616174198733915e-01
0.000000000000000000e+00 0.000000000000000000e+00 0.000000000000000000e+00 2.531995013626279004e-02 0.000000000000000000e+00 9.716135256780144766e-03 0.000000000000000000e+00 0.000000000000000000e+00 1.349896004512657621e-01 0.000000000000000000e+00 0.000000000000000000e+00 0.000000000000000000e+00
0.000000000000000000e+00 0.000000000000000000e+00 0.000000000000000000e+00 0.000000000000000000e+00 0.000000000000000000e+00 0.000000000000000000e+00 0.000000000000000000e+00 0.000000000000000000e+00 5.885323973337957398e-02 8.457027651035892157e-02 6.293889524263507340e-02 2.706175681102392372e-01
0.000000000000000000e+00 0.000000000000000000e+00 0.000000000000000000e+00 1.180213323411346583e-03 0.000000000000000000e+00 3.364417478545063400e-02 0.000000000000000000e+00 0.000000000000000000e+00 0.000000000000000000e+00 8.194913098925825368e-02 5.668916431942758009e-03 0.000000000000000000e+00
4.573654886038070952e-03 1.961864372059753461e-02 0.000000000000000000e+00 0.000000000000000000e+00 0.000000000000000000e+00 2.885457786089662968e-01 0.000000000000000000e+00 0.000000000000000000e+00 4.803649800680750981e-01 2.756704374592087656e-02 1.026758355182882526e-01 2.170759537553611229e-02
0.000000000000000000e+00 0.000000000000000000e+00 2.001629178171132270e-02 0.000000000000000000e+00 1.838635250736682034e-02 1.802375817929953309e-03 0.000000000000000000e+00 4.020743835361374058e-02 0.000000000000000000e+00 4.584206207025622037e-02 0.000000000000000000e+00 0.000000000000000000e+00
3.877069814016585042e-02 0.000000000000000000e+00 0.000000000000000000e+00 0.000000000000000000e+00 2.028666745944752645e-02 8.180660382521313316e-05 0.000000000000000000e+00 0.000000000000000000e+00 8.060469352436738788e-02 3.542791818585250274e-02 0.000000000000000000e+00 5.174222625822933602e-02
0.000000000000000000e+00 1.102727851726117460e-02 1.210936885356612980e-02 7.433419184993861339e-02 1.002432209028376736e-01 0.000000000000000000e+00 2.928073910956155781e-02 4.185384958650201909e-02 2.794626833619316339e-02 0.000000000000000000e+00 3.672255312012519951e-02 0.000000000000000000e+00
2.252271481226230526e-02 0.000000000000000000e+00 5.056245810948998415e-02 0.000000000000000000e+00 3.190686637070617310e-02 4.905776996164446652e-02 4.909471459181871666e-03 0.000000000000000000e+00 0.000000000000000000e+00 0.000000000000000000e+00 1.359499072819365106e-01 0.000000000000000000e+00
0.000000000000000000e+00 0.000000000000000000e+00 4.156679685819122949e-02 1.809865859864832546e-02 8.019235449713163488e-02 0.000000000000000000e+00 3.334568011940906157e-03 0.000000000000000000e+00 0.000000000000000000e+00 0.000000000000000000e+00 1.611092206810836635e-03 0.000000000000000000e+00
4.600116504123853700e-02 0.000000000000000000e+00 0.000000000000000000e+00 0.000000000000000000e+00 0.000000000000000000e+00 0.000000000000000000e+00 8.696329784589111600e-03 0.000000000000000000e+00 0.000000000000000000e+00 0.000000000000000000e+00 0.000000000000000000e+00 7.473620045220617791e-02
7.275084874250327752e-03 9.586728184845980105e-02 0.000000000000000000e+00 3.924889268732742464e-02 5.648084238893016223e-02 0.000000000000000000e+00 2.491178890764827666e-02 6.807172083603765245e-01 1.928322894205684217e-03 3.042065391680972425e-02 0.000000000000000000e+00 0.000000000000000000e+00
1.215645334015017995e-02 0.000000000000000000e+00 0.000000000000000000e+00 9.201510719633555421e-03 5.608110286205648942e-02 0.000000000000000000e+00 0.000000000000000000e+00 0.000000000000000000e+00 1.121127213195255434e-02 0.000000000000000000e+00 0.000000000000000000e+00 6.131008397967693258e-01
2.598584072633522424e-02 8.797788557810493071e-03 9.837242803676354147e-03 8.003949782072600910e-03 1.520383761285409169e-02 0.000000000000000000e+00 1.444097787865984001e-02 0.000000000000000000e+00 0.000000000000000000e+00 0.000000000000000000e+00 2.507416376567697669e-01 0.000000000000000000e+00
2.170110870365565131e-02 0.000000000000000000e+00 6.962984750941421108e-01 0.000000000000000000e+00 2.941129370633091544e-02 0.000000000000000000e+00 0.000000000000000000e+00 1.248898967720060357e-02 1.600931302100327969e-01 0.000000000000000000e+00 0.000000000000000000e+00 8.546414033562352297e-02
0.000000000000000000e+00 3.697954330599605155e-02 1.524644965326398156e-02 2.120077042636443060e-02 0.000000000000000000e+00 0.000000000000000000e+00 0.000000000000000000e+00 6.647865820366827619e-03 0.000000000000000000e+00 0.000000000000000000e+00 2.499231262199724368e-03 2.666360520507820575e-01
2.592840685417818758e-02 0.000000000000000000e+00 0.000000000000000000e+00 0.000000000000000000e+00 0.000000000000000000e+00 0.000000000000000000e+00 0.000000000000000000e+00 6.445192329421522981e-02 0.000000000000000000e+00 0.000000000000000000e+00 0.000000000000000000e+00 1.946139287849592558e-01
8.161043703917564632e-03 0.000000000000000000e+00 2.789075865009567681e-03 0.000000000000000000e+00 0.000000000000000000e+00 1.092403686320161113e-03 0.000000000000000000e+00 4.463950985480577560e-02 0.000000000000000000e+00 3.128255245304291388e-02 0.000000000000000000e+00 0.000000000000000000e+00
0.000000000000000000e+00 1.849678544532989272e-02 2.903553563313662420e-02 1.555088321321596977e-03 4.630411279061839164e-02 0.000000000000000000e+00 0.000000000000000000e+00 0.000000000000000000e+00 2.161732396380206846e-03 0.000000000000000000e+00 8.353583971762466864e-02 0.000000000000000000e+00
0.000000000000000000e+00 1.405389589580671901e-02 0.000000000000000000e+00 0.000000000000000000e+00 0.000000000000000000e+00 0.000000000000000000e+00 0.000000000000000000e+00 3.903386109127878617e-02 4.180842206571493830e-02 0.000000000000000000e+00 0.000000000000000000e+00 0.000000000000000000e+00
4.155696700886941757e-03 5.882300817251388987e-03 6.142220421442612377e-01 0.000000000000000000e+00 3.024782203497726821e-02 0.000000000000000000e+00 5.050414335051513909e-03 0.000000000000000000e+00 0.000000000000000000e+00 1.795456228434620660e-02 0.000000000000000000e+00 0.000000000000000000e+00
4.005576135175844751e-03 1.172430425691329062e-02 0.000000000000000000e+00 0.000000000000000000e+00 8.796049079405314497e-02 0.000000000000000000e+00 0.000000000000000000e+00 1.306344612835506382e-02 2.150779424813015900e-02 2.635325186704956611e-03 9.004460954151527474e-03 0.000000000000000000e+00
3.403221038053478448e-02 0.000000000000000000e+00 1.943673826238908817e-02 0.000000000000000000e+00 3.976831261275482615e-02 5.061797773742950923e-01 5.273202043443535499e-03 2.618843839024101797e-02 0.000000000000000000e+00 4.200569402881574460e-02 0.000000000000000000e+00 0.000000000000000000e+00
0.000000000000000000e+00 0.000000000000000000e+00 5.402170770490424823e-02 4.783113464294368872e-02 0.000000000000000000e+00 2.612873986933699211e-01 2.535411737620310579e-02 2.050880590270418580e-01 3.960168068780348105e-02 0.000000000000000000e+00 0.000000000000000000e+00 7.521239365299391133e-02
7.916173668891982040e-03 0.000000000000000000e+00 0.000000000000000000e+00 2.925538548421985005e-02 5.323778796267220059e-02 0.000000000000000000e+00 0.000000000000000000e+00 0.000000000000000000e+00 1.163375966176560528e-01 1.362979559431528459e-02 0.000000000000000000e+00 1.025023607483280599e-02
0.000000000000000000e+00 2.584891642813406248e-02 4.699846834583230361e-03 0.000000000000000000e+00 5.659141921280379933e-02 0.000000000000000000e+00 0.000000000000000000e+00 0.000000000000000000e+00 0.000000000000000000e+00 3.591556510159093357e-02 0.000000000000000000e+00 0.000000000000000000e+00
0.000000000000000000e+00 7.667054370114793384e-03 0.000000000000000000e+00 0.000000000000000000e+00 4.573171963470729767e-02 0.000000000000000000e+00 0.000000000000000000e+00 4.612840007969212092e-02 0.000000000000000000e+00 2.192561029479909718e-01 8.121937604668465118e-04 0.000000000000000000e+00
0.000000000000000000e+00 0.000000000000000000e+00 2.024424394730690857e-02 0.000000000000000000e+00 5.374173714820645702e-03 3.778091203511949048e-01 0.000000000000000000e+00 0.000000000000000000e+00 0.000000000000000000e+00 0.000000000000000000e+00 2.782111709072740066e-02 4.411941487321827809e-02
0.000000000000000000e+00 0.000000000000000000e+00 6.746059088171744988e-02 3.741479123221307101e-02 5.083285291012064333e-02 0.000000000000000000e+00 0.000000000000000000e+00 0.000000000000000000e+00 0.000000000000000000e+00 0.000000000000000000e+00 7.610019663358810749e-02 0.000000000000000000e+00
0.000000000000000000e+00 0.000000000000000000e+00 0.000000000000000000e+00 4.293045081167441018e-02 8.247505229320602205e-02 0.000000000000000000e+00 0.000000000000000000e+00 8.282417335683129114e-03 0.000000000000000000e+00 3.996534217205379054e-03 0.000000000000000000e+00 0.000000000000000000e+00
1.720524827942952750e-02 6.379951232415521749e-03 1.367518171869168062e-02 0.000000000000000000e+00 3.470119827219714931e-02 0.000000000000000000e+00 0.000000000000000000e+00 1.639725102057436323e-01 0.000000000000000000e+00 0.000000000000000000e+00 4.149891808065559462e-01 1.656782416340878833e-02
5.723895581998642013e-02 1.982076828653594469e-01 0.000000000000000000e+00 6.822483024030082110e-02 8.877721963395977800e-02 7.825199852636128064e-03 0.000000000000000000e+00 0.000000000000000000e+00 0.000000000000000000e+00 0.000000000000000000e+00 0.000000000000000000e+00 2.057430356385823722e-01
0.000000000000000000e+00 3.170260682429170557e-02 1.449127702456114164e-01 8.422078345096931096e-02 4.527038816716350000e-02 1.565147635984401042e-01 1.702205964448262054e-01 1.520252770969533242e-02 5.405516526249229403e-02 2.343498545360934160e-01 1.338658711994360206e-02 1.458417261458178349e-01
4.743010368857754344e-02 0.000000000000000000e+00 7.697976579442083328e-03 0.000000000000000000e+00 0.000000000000000000e+00 5.638017036929916792e-02 0.000000000000000000e+00 0.000000000000000000e+00 2.186428306952365730e-01 0.000000000000000000e+00 1.677702107277001253e-01 1.987218443490700731e-02
2.105285698902313596e-02 7.111704150864696372e-02 2.751787428440790120e-02 2.416578831431171262e-03 5.790251125551597322e-02 3.998049393220229342e-01 2.301735723576201278e-02 0.000000000000000000e+00 0.000000000000000000e+00 0.000000000000000000e+00 2.680948112115010256e-03 1.766866734387118332e-01
